1 540.00
1 540.00
1 540.00
1 540.00
1 540.00
1 540.00
1 540.00
1 540.00
1 540.00
1 540.00
0 540.00
0 549.00
0 549.00
0 550.00
0 550.00
0 549.00
0 549.00
0 549.00
0 549.00
0 550.00
1 549.00
1 541.00
1 541.00
1 541.00
1 541.00
1 540.00
1 541.00
1 541.00
1 540.00
1 540.00
0 540.00
0 549.00
0 549.00
0 549.00
0 549.00
0 549.00
0 549.00
0 549.00
0 550.00
0 550.00
1 549.00
1 541.00
1 541.00
1 541.00
1 540.00
1 541.00
1 541.00
1 540.00
1 540.00
1 540.00
0 541.00
0 549.00
0 549.00
0 549.00
0 549.00
0 549.00
0 549.00
0 549.00
0 549.00
0 549.00
1 550.00
1 541.00
1 541.00
1 540.00
1 540.00
1 540.00
1 540.00
1 540.00
1 540.00
1 540.00
0 540.00
0 549.00
0 549.00
0 549.00
0 548.00
0 548.00
0 549.00
0 549.00
0 550.00
0 549.00
1 549.00
1 541.00
1 541.00
1 540.00
1 540.00
1 539.00
1 540.00
1 540.00
1 540.00
1 541.00
0 540.00
0 549.00
0 549.00
0 549.00
0 549.00
0 549.00
0 549.00
0 549.00
0 549.00
0 549.00
1 549.00
1 540.00
1 540.00
1 539.00
1 539.00
1 539.00
1 539.00
1 539.00
1 539.00
1 538.00
0 539.00
0 549.00
0 549.00
0 549.00
0 549.00
0 549.00
0 549.00
0 549.00
0 549.00
0 550.00
1 549.00
1 540.00
1 539.00
1 539.00
1 539.00
1 539.00
1 539.00
1 539.00
1 539.00
1 538.00
0 538.00
0 549.00
0 549.00
0 549.00
0 549.00
0 549.00
0 549.00
0 549.00
0 549.00
0 549.00
1 550.00
1 539.00
1 539.00
1 539.00
1 539.00
1 539.00
1 539.00
1 538.00
1 538.00
1 539.00
0 538.00
0 548.00
0 549.00
0 549.00
0 549.00
0 549.00
0 549.00
0 549.00
0 549.00
0 549.00
1 549.00
1 540.00
1 539.00
1 539.00
1 539.00
1 539.00
1 539.00
1 539.00
1 538.00
1 539.00
0 538.00
0 548.00
0 549.00
0 549.00
0 549.00
0 548.00
0 549.00
0 549.00
0 549.00
0 549.00
1 549.00
1 539.00
1 539.00
1 539.00
1 538.00
1 539.00
1 538.00
1 539.00
1 538.00
1 538.00
0 538.00
0 548.00
0 548.00
0 548.00
0 548.00
0 549.00
0 549.00
0 549.00
0 549.00
0 549.00
1 549.00
1 539.00
1 538.00
1 539.00
1 539.00
1 538.00
1 539.00
1 539.00
1 538.00
1 539.00
0 538.00
0 548.00
0 548.00
0 548.00
0 548.00
0 549.00
0 549.00
0 549.00
0 549.00
0 549.00
1 549.00
1 539.00
1 539.00
1 539.00
1 539.00
1 539.00
1 538.00
1 538.00
1 538.00
1 538.00
0 538.00
0 548.00
0 548.00
0 548.00
0 549.00
0 549.00
0 548.00
0 548.00
0 548.00
0 548.00
1 548.00
1 539.00
1 539.00
1 538.00
1 539.00
1 538.00
1 538.00
1 538.00
1 538.00
1 538.00
0 538.00
0 548.00
0 548.00
0 549.00
0 548.00
0 548.00
0 548.00
0 549.00
0 549.00
0 549.00
1 549.00
1 539.00
1 538.00
1 538.00
1 538.00
1 538.00
1 538.00
1 538.00
1 538.00
1 538.00
0 538.00
0 548.00
0 548.00
0 548.00
0 548.00
0 549.00
0 548.00
0 549.00
0 548.00
0 549.00
1 549.00
1 539.00
1 539.00
1 539.00
1 539.00
1 538.00
1 539.00
1 538.00
1 538.00
1 538.00
0 538.00
0 548.00
0 548.00
0 548.00
0 548.00
0 548.00
0 548.00
0 549.00
0 549.00
0 549.00
1 548.00
1 539.00
1 539.00
1 538.00
1 537.00
1 537.00
1 538.00
1 539.00
1 538.00
1 538.00
0 538.00
0 548.00
0 548.00
0 548.00
0 548.00
0 549.00
0 548.00
0 549.00
0 549.00
0 549.00
1 548.00
1 539.00
1 538.00
1 538.00
1 538.00
1 538.00
1 538.00
1 538.00
1 538.00
1 538.00
0 538.00
0 548.00
0 548.00
0 548.00
0 548.00
0 548.00
0 548.00
0 549.00
0 548.00
0 549.00
1 548.00
1 538.00
1 537.00
1 537.00
1 537.00
1 538.00
1 538.00
1 537.00
1 538.00
1 537.00
0 537.00
0 548.00
0 548.00
0 548.00
0 548.00
0 549.00
0 548.00
0 548.00
0 549.00
0 549.00
1 548.00
1 538.00
1 537.00
1 538.00
1 538.00
1 538.00
1 537.00
1 537.00
1 537.00
1 537.00
0 537.00
0 548.00
0 548.00
0 548.00
0 548.00
0 549.00
0 548.00
0 548.00
0 548.00
0 548.00
1 548.00
1 538.00
1 538.00
1 538.00
1 538.00
1 538.00
1 537.00
1 538.00
1 537.00
1 538.00
0 537.00
0 547.00
0 548.00
0 548.00
0 548.00
0 548.00
0 548.00
0 548.00
0 548.00
0 548.00
1 548.00
1 537.00
1 537.00
1 537.00
1 537.00
1 537.00
1 537.00
1 536.00
1 536.00
1 537.00
0 537.00
0 548.00
0 548.00
0 548.00
0 548.00
0 548.00
0 548.00
0 548.00
0 548.00
0 548.00
1 548.00
1 538.00
1 538.00
1 537.00
1 537.00
1 537.00
1 537.00
1 537.00
1 537.00
1 536.00
0 537.00
0 547.00
0 548.00
0 548.00
0 548.00
0 548.00
0 548.00
0 548.00
0 548.00
0 548.00
1 548.00
1 537.00
1 537.00
1 537.00
1 538.00
1 538.00
1 537.00
1 537.00
1 536.00
1 537.00
0 537.00
0 547.00
0 548.00
0 548.00
0 548.00
0 548.00
0 548.00
0 548.00
0 548.00
0 548.00
1 548.00
1 538.00
1 537.00
1 537.00
1 537.00
1 537.00
1 537.00
1 537.00
1 536.00
1 536.00
0 536.00
0 548.00
0 548.00
0 548.00
0 548.00
0 548.00
0 548.00
0 548.00
0 548.00
0 548.00
1 548.00
1 537.00
1 537.00
1 537.00
1 537.00
1 537.00
1 537.00
1 536.00
1 536.00
1 537.00
0 536.00
0 547.00
0 548.00
0 548.00
0 548.00
0 548.00
0 548.00
0 548.00
0 548.00
0 548.00
1 548.00
1 538.00
1 537.00
1 537.00
1 537.00
1 536.00
1 537.00
1 537.00
1 537.00
1 536.00
0 536.00
0 548.00
0 547.00
0 548.00
0 548.00
0 547.00
0 548.00
0 548.00
0 548.00
0 548.00
1 548.00
1 537.00
1 537.00
1 537.00
1 537.00
1 537.00
1 537.00
1 536.00
1 536.00
1 537.00
0 536.00
0 547.00
0 548.00
0 548.00
0 547.00
0 548.00
0 547.00
0 548.00
0 548.00
0 548.00
1 548.00
1 537.00
1 537.00
1 537.00
1 538.00
1 536.00
1 537.00
1 536.00
1 536.00
1 537.00
0 536.00
0 547.00
0 547.00
0 548.00
0 548.00
0 548.00
0 548.00
0 548.00
0 548.00
0 548.00
1 548.00
1 537.00
1 537.00
1 538.00
1 537.00
1 536.00
1 537.00
1 537.00
1 537.00
1 537.00
0 536.00
0 547.00
0 547.00
0 547.00
0 548.00
0 548.00
0 548.00
0 548.00
0 548.00
0 548.00
1 548.00
1 538.00
1 537.00
1 537.00
1 537.00
1 537.00
1 537.00
1 536.00
1 537.00
1 537.00
0 536.00
0 547.00
0 547.00
0 547.00
0 547.00
0 548.00
0 548.00
0 548.00
0 548.00
0 548.00
1 548.00
1 537.00
1 537.00
1 537.00
1 536.00
1 536.00
1 537.00
1 537.00
1 536.00
1 537.00
0 537.00
0 547.00
0 547.00
0 548.00
0 548.00
0 548.00
0 548.00
0 548.00
0 548.00
0 548.00
1 548.00
1 537.00
1 536.00
1 537.00
1 537.00
1 536.00
1 536.00
1 537.00
1 536.00
1 536.00
0 536.00
0 547.00
0 548.00
0 547.00
0 548.00
0 548.00
0 548.00
0 548.00
0 548.00
0 548.00
1 548.00
1 537.00
1 537.00
1 537.00
1 536.00
1 536.00
1 536.00
1 536.00
1 537.00
1 536.00
0 536.00
0 547.00
0 547.00
0 547.00
0 547.00
0 548.00
0 548.00
0 548.00
0 548.00
0 548.00
1 548.00
1 537.00
1 537.00
1 537.00
1 537.00
1 536.00
1 536.00
1 536.00
1 536.00
1 536.00
0 536.00
0 547.00
0 547.00
0 548.00
0 547.00
0 548.00
0 548.00
0 548.00
0 548.00
0 547.00
1 547.00
1 537.00
1 537.00
1 537.00
1 536.00
1 536.00
1 537.00
1 536.00
1 537.00
1 537.00
0 536.00
0 547.00
0 547.00
0 548.00
0 548.00
0 548.00
0 547.00
0 548.00
0 548.00
0 548.00
1 548.00
1 536.00
1 537.00
1 537.00
1 536.00
1 535.00
1 536.00
1 536.00
1 536.00
1 536.00
0 536.00
0 547.00
0 547.00
0 547.00
0 547.00
0 548.00
0 548.00
0 547.00
0 548.00
0 548.00
1 548.00
1 537.00
1 537.00
1 537.00
1 536.00
1 536.00
1 537.00
1 536.00
1 537.00
1 536.00
0 537.00
0 547.00
0 547.00
0 547.00
0 547.00
0 547.00
0 548.00
0 547.00
0 548.00
0 548.00
1 548.00
1 536.00
1 537.00
1 536.00
1 537.00
1 536.00
1 536.00
1 536.00
1 536.00
1 536.00
0 536.00
0 547.00
0 547.00
0 547.00
0 547.00
0 547.00
0 547.00
0 547.00
0 547.00
0 548.00
1 548.00
1 537.00
1 537.00
1 537.00
1 536.00
1 536.00
1 536.00
1 537.00
1 537.00
1 535.00
0 535.00
0 547.00
0 547.00
0 547.00
0 547.00
0 547.00
0 548.00
0 548.00
0 548.00
0 547.00
1 548.00
1 537.00
1 537.00
1 537.00
1 537.00
1 536.00
1 537.00
1 536.00
1 536.00
1 536.00
0 536.00
0 547.00
0 547.00
0 547.00
0 547.00
0 547.00
0 547.00
0 548.00
0 548.00
0 548.00
1 548.00
1 537.00
1 537.00
1 536.00
1 537.00
1 536.00
1 536.00
1 536.00
1 536.00
1 536.00
0 536.00
0 547.00
0 547.00
0 548.00
0 547.00
0 547.00
0 547.00
0 547.00
0 548.00
0 548.00
1 548.00
1 537.00
1 537.00
1 537.00
1 536.00
1 536.00
1 536.00
1 536.00
1 536.00
1 536.00
0 536.00
0 546.00
0 547.00
0 547.00
0 547.00
0 547.00
0 547.00
0 548.00
0 547.00
0 548.00
1 548.00
1 536.00
1 537.00
1 537.00
1 536.00
1 536.00
1 536.00
1 536.00
1 536.00
1 536.00
0 536.00
0 547.00
0 547.00
0 547.00
0 547.00
0 547.00
0 547.00
0 547.00
0 547.00
0 548.00
1 547.00
1 537.00
1 537.00
1 537.00
1 536.00
1 536.00
1 537.00
1 535.00
1 536.00
1 536.00
0 536.00
0 547.00
0 547.00
0 547.00
0 547.00
0 548.00
0 548.00
0 548.00
0 547.00
0 548.00
1 547.00
1 537.00
1 537.00
1 537.00
1 536.00
1 536.00
1 536.00
1 536.00
1 536.00
1 536.00
0 535.00
0 546.00
0 547.00
0 547.00
0 547.00
0 547.00
0 547.00
0 547.00
0 547.00
0 547.00
1 548.00
1 537.00
1 537.00
1 536.00
1 536.00
1 536.00
1 536.00
1 536.00
1 536.00
1 536.00
0 536.00
0 547.00
0 547.00
0 547.00
0 547.00
0 547.00
0 547.00
0 547.00
0 547.00
0 547.00
1 548.00
1 537.00
1 537.00
1 536.00
1 536.00
1 536.00
1 537.00
1 535.00
1 535.00
1 536.00
0 536.00
0 547.00
0 547.00
0 546.00
0 547.00
0 547.00
0 547.00
0 547.00
0 547.00
0 547.00
1 548.00
1 537.00
1 537.00
1 536.00
1 536.00
1 536.00
1 536.00
1 536.00
1 536.00
1 536.00
0 536.00
0 547.00
0 547.00
0 547.00
0 547.00
0 547.00
0 547.00
0 547.00
0 548.00
0 547.00
1 547.00
1 537.00
1 536.00
1 536.00
1 536.00
1 536.00
1 536.00
1 535.00
1 536.00
1 536.00
0 536.00
0 547.00
0 547.00
0 547.00
0 547.00
0 547.00
0 547.00
0 547.00
0 548.00
0 547.00
1 548.00
1 537.00
1 537.00
1 536.00
1 536.00
1 537.00
1 536.00
1 537.00
1 537.00
1 537.00
0 536.00
0 546.00
0 547.00
0 547.00
0 547.00
0 547.00
0 547.00
0 547.00
0 547.00
0 548.00
1 547.00
1 537.00
1 537.00
1 536.00
1 536.00
1 536.00
1 536.00
1 536.00
1 536.00
1 536.00
0 536.00
0 546.00
0 546.00
0 547.00
0 547.00
0 547.00
0 547.00
0 547.00
0 547.00
0 547.00
1 548.00
1 537.00
1 536.00
1 537.00
1 536.00
1 536.00
1 536.00
1 535.00
1 535.00
1 535.00
0 536.00
0 546.00
0 546.00
0 546.00
0 547.00
0 547.00
0 547.00
0 547.00
0 547.00
0 547.00
1 547.00
1 537.00
1 537.00
1 536.00
1 536.00
1 536.00
1 537.00
1 536.00
1 536.00
1 535.00
0 535.00
0 546.00
0 547.00
0 547.00
0 547.00
0 547.00
0 547.00
0 547.00
0 547.00
0 547.00
1 547.00
1 537.00
1 537.00
1 537.00
1 536.00
1 536.00
1 536.00
1 536.00
1 535.00
1 536.00
0 536.00
0 546.00
0 547.00
0 547.00
0 547.00
0 547.00
0 547.00
0 547.00
0 547.00
0 548.00
1 547.00
1 537.00
1 536.00
1 536.00
1 536.00
1 535.00
1 536.00
1 535.00
1 535.00
1 536.00
0 535.00
0 546.00
0 546.00
0 546.00
0 547.00
0 547.00
0 547.00
0 547.00
0 547.00
0 547.00
1 547.00
1 537.00
1 537.00
1 537.00
1 536.00
1 536.00
1 536.00
1 536.00
1 535.00
1 535.00
0 536.00
0 546.00
0 546.00
0 546.00
0 547.00
0 547.00
0 547.00
0 547.00
0 547.00
0 547.00
1 547.00
1 536.00
1 536.00
1 535.00
1 535.00
1 536.00
1 536.00
1 535.00
1 536.00
1 536.00
0 536.00
0 546.00
0 546.00
0 546.00
0 547.00
0 546.00
0 547.00
0 547.00
0 547.00
0 547.00
1 547.00
1 537.00
1 536.00
1 536.00
1 536.00
1 536.00
1 535.00
1 535.00
1 535.00
1 535.00
0 536.00
0 546.00
0 546.00
0 547.00
0 546.00
0 547.00
0 547.00
0 547.00
0 547.00
0 547.00
1 547.00
1 536.00
1 536.00
1 536.00
1 536.00
1 535.00
1 536.00
1 535.00
1 535.00
1 535.00
0 535.00
0 546.00
0 546.00
0 546.00
0 546.00
0 547.00
0 546.00
0 547.00
0 547.00
0 546.00
1 546.00
1 536.00
1 536.00
1 536.00
1 536.00
1 535.00
1 535.00
1 536.00
1 536.00
1 536.00
0 535.00
0 546.00
0 546.00
0 546.00
0 546.00
0 547.00
0 546.00
0 546.00
0 547.00
0 547.00
1 547.00
1 536.00
1 536.00
1 535.00
1 536.00
1 535.00
1 535.00
1 535.00
1 536.00
1 535.00
0 536.00
0 545.00
0 545.00
0 546.00
0 546.00
0 546.00
0 546.00
0 546.00
0 546.00
0 546.00
1 546.00
1 536.00
1 535.00
1 536.00
1 536.00
1 535.00
1 535.00
1 536.00
1 534.00
1 534.00
0 535.00
0 546.00
0 545.00
0 546.00
0 546.00
0 546.00
0 546.00
0 546.00
0 546.00
0 546.00
1 546.00
1 536.00
1 536.00
1 535.00
1 535.00
1 535.00
1 535.00
1 535.00
1 536.00
1 535.00
0 535.00
0 545.00
0 545.00
0 546.00
0 546.00
0 545.00
0 546.00
0 546.00
0 546.00
0 546.00
1 546.00
1 536.00
1 536.00
1 535.00
1 535.00
1 535.00
1 535.00
1 535.00
1 535.00
1 535.00
0 535.00
0 545.00
0 545.00
0 546.00
0 546.00
0 546.00
0 546.00
0 546.00
0 546.00
0 546.00
1 546.00
1 535.00
1 536.00
1 536.00
1 535.00
1 535.00
1 534.00
1 535.00
1 534.00
1 535.00
0 534.00
0 545.00
0 545.00
0 546.00
0 545.00
0 545.00
0 546.00
0 546.00
0 546.00
0 545.00
1 546.00
1 536.00
1 535.00
1 535.00
1 534.00
1 535.00
1 535.00
1 535.00
1 535.00
1 534.00
0 535.00
0 544.00
0 545.00
0 545.00
0 545.00
0 546.00
0 545.00
0 545.00
0 545.00
0 545.00
1 546.00
1 535.00
1 536.00
1 535.00
1 535.00
1 534.00
1 535.00
1 535.00
1 534.00
1 534.00
0 534.00
0 544.00
0 545.00
0 545.00
0 545.00
0 545.00
0 546.00
0 545.00
0 545.00
0 546.00
1 545.00
1 536.00
1 535.00
1 535.00
1 534.00
1 534.00
1 534.00
1 535.00
1 534.00
1 534.00
0 534.00
0 544.00
0 545.00
0 545.00
0 545.00
0 545.00
0 545.00
0 545.00
0 545.00
0 545.00
1 545.00
1 535.00
1 535.00
1 535.00
1 534.00
1 534.00
1 534.00
1 534.00
1 534.00
1 534.00
0 534.00
0 544.00
0 545.00
0 545.00
0 545.00
0 545.00
0 545.00
0 545.00
0 545.00
0 545.00
1 545.00
1 535.00
1 535.00
1 535.00
1 534.00
1 534.00
1 534.00
1 534.00
1 534.00
1 534.00
0 533.00
0 544.00
0 544.00
0 544.00
0 545.00
0 545.00
0 544.00
0 544.00
0 544.00
0 545.00
1 545.00
1 535.00
1 534.00
1 534.00
1 534.00
1 534.00
1 533.00
1 534.00
1 533.00
1 533.00
0 533.00
0 543.00
0 544.00
0 544.00
0 544.00
0 544.00
0 545.00
0 545.00
0 545.00
0 545.00
1 545.00
1 534.00
1 535.00
1 534.00
1 534.00
1 533.00
1 534.00
1 534.00
1 533.00
1 533.00
0 534.00
0 543.00
0 544.00
0 544.00
0 544.00
0 544.00
0 544.00
0 545.00
0 544.00
0 544.00
1 544.00
1 534.00
1 534.00
1 534.00
1 534.00
1 533.00
1 533.00
1 533.00
1 533.00
1 533.00
0 534.00
0 543.00
0 544.00
0 544.00
0 544.00
0 544.00
0 544.00
0 544.00
0 544.00
0 544.00
1 544.00
1 534.00
1 534.00
1 534.00
1 534.00
1 533.00
1 533.00
1 533.00
1 533.00
1 533.00
0 533.00
0 542.00
0 544.00
0 544.00
0 544.00
0 544.00
0 544.00
0 544.00
0 544.00
0 543.00
1 544.00
1 534.00
1 533.00
1 534.00
1 533.00
1 532.00
1 533.00
1 533.00
1 533.00
1 533.00
0 532.00
0 542.00
0 543.00
0 543.00
0 543.00
0 544.00
0 543.00
0 544.00
0 544.00
0 544.00
1 543.00
1 534.00
1 534.00
1 534.00
1 533.00
1 533.00
1 533.00
1 533.00
1 533.00
1 532.00
0 532.00
0 542.00
0 544.00
0 543.00
0 543.00
0 544.00
0 544.00
0 543.00
0 544.00
0 543.00
1 543.00
1 534.00
1 533.00
1 533.00
1 533.00
1 533.00
1 533.00
1 533.00
1 532.00
1 533.00
0 532.00
0 543.00
0 543.00
0 543.00
0 542.00
0 543.00
0 544.00
0 544.00
0 543.00
0 543.00
1 543.00
1 533.00
1 533.00
1 532.00
1 532.00
1 532.00
1 532.00
1 533.00
1 532.00
1 532.00
0 533.00
0 542.00
0 542.00
0 542.00
0 542.00
0 543.00
0 544.00
0 544.00
0 543.00
0 543.00
1 543.00
1 533.00
1 533.00
1 533.00
1 533.00
1 532.00
1 533.00
1 533.00
1 532.00
1 532.00
0 532.00
0 542.00
0 542.00
0 543.00
0 542.00
0 543.00
0 543.00
0 543.00
0 543.00
0 543.00
1 542.00
1 533.00
1 532.00
1 533.00
1 532.00
1 532.00
1 532.00
1 532.00
1 532.00
1 532.00
0 531.00
0 542.00
0 542.00
0 542.00
0 542.00
0 542.00
0 542.00
0 542.00
0 543.00
0 543.00
1 543.00
1 533.00
1 533.00
1 532.00
1 532.00
1 532.00
1 532.00
1 532.00
1 532.00
1 531.00
0 532.00
0 542.00
0 541.00
0 542.00
0 542.00
0 542.00
0 542.00
0 542.00
0 543.00
0 543.00
1 542.00
1 533.00
1 533.00
1 533.00
1 532.00
1 532.00
1 532.00
1 532.00
1 531.00
1 532.00
0 532.00
0 541.00
0 542.00
0 542.00
0 542.00
0 542.00
0 542.00
0 542.00
0 542.00
0 542.00
1 542.00
1 533.00
1 533.00
1 532.00
1 532.00
1 532.00
1 532.00
1 531.00
1 531.00
1 531.00
0 532.00
0 541.00
0 542.00
0 541.00
0 541.00
0 542.00
0 542.00
0 542.00
0 542.00
0 542.00
1 542.00
1 532.00
1 532.00
1 532.00
1 532.00
1 531.00
1 531.00
1 532.00
1 531.00
1 531.00
0 531.00
0 541.00
0 542.00
0 541.00
0 542.00
0 542.00
0 542.00
0 542.00
0 542.00
0 542.00
1 542.00
1 532.00
1 532.00
1 532.00
1 532.00
1 532.00
1 531.00
1 532.00
1 531.00
1 531.00
0 531.00
0 541.00
0 541.00
0 542.00
0 541.00
0 542.00
0 542.00
0 541.00
0 542.00
0 542.00
1 542.00
1 532.00
1 532.00
1 531.00
1 532.00
1 532.00
1 531.00
1 531.00
1 531.00
1 531.00
0 531.00
0 540.00
0 541.00
0 541.00
0 542.00
0 542.00
0 541.00
0 542.00
0 542.00
0 542.00
1 541.00
1 532.00
1 532.00
1 531.00
1 532.00
1 531.00
1 532.00
1 531.00
1 531.00
1 531.00
0 531.00
0 541.00
0 541.00
0 541.00
0 541.00
0 541.00
0 541.00
0 542.00
0 541.00
0 542.00
1 542.00
1 532.00
1 532.00
1 532.00
1 532.00
1 532.00
1 531.00
1 531.00
1 531.00
1 531.00
0 530.00
0 541.00
0 540.00
0 541.00
0 541.00
0 541.00
0 541.00
0 542.00
0 541.00
0 542.00
1 541.00
1 532.00
1 532.00
1 531.00
1 531.00
1 531.00
1 531.00
1 530.00
1 530.00
1 531.00
0 530.00
0 540.00
0 541.00
0 541.00
0 541.00
0 541.00
0 541.00
0 541.00
0 542.00
0 541.00
1 542.00
1 532.00
1 531.00
1 531.00
1 532.00
1 532.00
1 531.00
1 531.00
1 530.00
1 531.00
0 530.00
0 540.00
0 540.00
0 541.00
0 541.00
0 541.00
0 541.00
0 541.00
0 541.00
0 541.00
1 541.00
1 532.00
1 532.00
1 531.00
1 531.00
1 531.00
1 530.00
1 530.00
1 531.00
1 531.00
0 531.00
0 540.00
0 540.00
0 540.00
0 540.00
0 541.00
0 541.00
0 541.00
0 541.00
0 541.00
1 541.00
1 531.00
1 531.00
1 531.00
1 531.00
1 531.00
1 531.00
1 530.00
1 530.00
1 531.00
0 531.00
0 540.00
0 540.00
0 540.00
0 541.00
0 540.00
0 540.00
0 541.00
0 541.00
0 541.00
1 541.00
1 532.00
1 531.00
1 531.00
1 530.00
1 530.00
1 531.00
1 530.00
1 530.00
1 530.00
0 530.00
0 539.00
0 539.00
0 540.00
0 540.00
0 540.00
0 541.00
0 541.00
0 540.00
0 540.00
1 541.00
1 531.00
1 531.00
1 530.00
1 531.00
1 530.00
1 530.00
1 530.00
1 530.00
1 530.00
0 530.00
0 540.00
0 540.00
0 540.00
0 540.00
0 540.00
0 540.00
0 540.00
0 541.00
0 541.00
1 540.00
1 532.00
1 531.00
1 530.00
1 531.00
1 530.00
1 530.00
1 530.00
1 530.00
1 529.00
0 530.00
0 539.00
0 539.00
0 540.00
0 540.00
0 540.00
0 540.00
0 540.00
0 540.00
0 540.00
1 541.00
1 531.00
1 530.00
1 530.00
1 530.00
1 530.00
1 530.00
1 530.00
1 530.00
1 530.00
0 529.00
0 539.00
0 539.00
0 540.00
0 540.00
0 540.00
0 540.00
0 540.00
0 540.00
0 540.00
1 540.00
1 531.00
1 531.00
1 530.00
1 530.00
1 529.00
1 530.00
1 530.00
1 529.00
1 529.00
0 529.00
0 539.00
0 539.00
0 539.00
0 539.00
0 540.00
0 540.00
0 540.00
0 540.00
0 540.00
1 540.00
1 531.00
1 530.00
1 530.00
1 530.00
1 529.00
1 530.00
1 530.00
1 529.00
1 529.00
0 529.00
0 539.00
0 539.00
0 540.00
0 539.00
0 540.00
0 540.00
0 540.00
0 540.00
0 540.00
1 540.00
1 530.00
1 530.00
1 530.00
1 529.00
1 529.00
1 530.00
1 529.00
1 530.00
1 529.00
0 529.00
0 539.00
0 539.00
0 540.00
0 539.00
0 540.00
0 539.00
0 539.00
0 539.00
0 539.00
1 539.00
1 530.00
1 530.00
1 530.00
1 529.00
1 529.00
1 530.00
1 530.00
1 529.00
1 529.00
0 529.00
0 538.00
0 539.00
0 539.00
0 539.00
0 539.00
0 539.00
0 540.00
0 540.00
0 539.00
1 539.00
1 530.00
1 530.00
1 530.00
1 529.00
1 530.00
1 529.00
1 529.00
1 529.00
1 529.00
0 528.00
0 539.00
0 538.00
0 539.00
0 538.00
0 539.00
0 539.00
0 539.00
0 539.00
0 539.00
1 539.00
1 530.00
1 529.00
1 530.00
1 530.00
1 529.00
1 529.00
1 529.00
1 528.00
1 529.00
0 529.00
0 539.00
0 538.00
0 539.00
0 538.00
0 539.00
0 538.00
0 539.00
0 539.00
0 539.00
1 539.00
1 530.00
1 529.00
1 529.00
1 529.00
1 529.00
1 528.00
1 528.00
1 528.00
1 528.00
0 528.00
0 538.00
0 538.00
0 538.00
0 539.00
0 538.00
0 539.00
0 539.00
0 538.00
0 539.00
1 538.00
1 529.00
1 529.00
1 529.00
1 528.00
1 528.00
1 528.00
1 528.00
1 528.00
1 529.00
0 527.00
0 538.00
0 538.00
0 538.00
0 538.00
0 538.00
0 538.00
0 538.00
0 538.00
0 538.00
1 539.00
1 529.00
1 529.00
1 529.00
1 529.00
1 528.00
1 528.00
1 528.00
1 528.00
1 527.00
0 528.00
0 538.00
0 537.00
0 537.00
0 537.00
0 538.00
0 538.00
0 538.00
0 538.00
0 538.00
1 539.00
1 529.00
1 529.00
1 528.00
1 529.00
1 528.00
1 528.00
1 528.00
1 528.00
1 528.00
0 528.00
0 537.00
0 537.00
0 537.00
0 538.00
0 538.00
0 538.00
0 538.00
0 538.00
0 538.00
1 538.00
1 529.00
1 528.00
1 528.00
1 528.00
1 527.00
1 528.00
1 528.00
1 528.00
1 527.00
0 527.00
0 537.00
0 538.00
0 537.00
0 538.00
0 537.00
0 538.00
0 538.00
0 538.00
0 538.00
1 538.00
1 529.00
1 528.00
1 528.00
1 528.00
1 527.00
1 527.00
1 528.00
1 527.00
1 528.00
0 527.00
0 537.00
0 537.00
0 537.00
0 537.00
0 538.00
0 538.00
0 537.00
0 537.00
0 538.00
1 538.00
1 528.00
1 528.00
1 528.00
1 528.00
1 527.00
1 527.00
1 527.00
1 527.00
1 527.00
0 527.00
0 536.00
0 537.00
0 537.00
0 537.00
0 537.00
0 537.00
0 537.00
0 537.00
0 537.00
1 537.00
1 528.00
1 528.00
1 527.00
1 527.00
1 527.00
1 527.00
1 528.00
1 528.00
1 527.00
0 526.00
0 536.00
0 536.00
0 537.00
0 537.00
0 537.00
0 537.00
0 537.00
0 537.00
0 537.00
1 537.00
1 528.00
1 527.00
1 527.00
1 528.00
1 527.00
1 526.00
1 526.00
1 527.00
1 526.00
0 526.00
0 536.00
0 536.00
0 536.00
0 536.00
0 537.00
0 537.00
0 537.00
0 537.00
0 537.00
1 536.00
1 527.00
1 527.00
1 527.00
1 527.00
1 527.00
1 526.00
1 526.00
1 526.00
1 526.00
0 526.00
0 536.00
0 536.00
0 536.00
0 536.00
0 536.00
0 536.00
0 537.00
0 537.00
0 537.00
1 537.00
1 528.00
1 527.00
1 528.00
1 527.00
1 527.00
1 526.00
1 526.00
1 526.00
1 526.00
0 526.00
0 535.00
0 536.00
0 536.00
0 536.00
0 536.00
0 536.00
0 536.00
0 536.00
0 537.00
1 536.00
1 527.00
1 527.00
1 526.00
1 527.00
1 526.00
1 526.00
1 526.00
1 526.00
1 526.00
0 526.00
0 535.00
0 535.00
0 536.00
0 535.00
0 536.00
0 536.00
0 536.00
0 536.00
0 536.00
1 536.00
1 526.00
1 526.00
1 526.00
1 526.00
1 526.00
1 526.00
1 526.00
1 526.00
1 525.00
0 525.00
0 535.00
0 535.00
0 536.00
0 536.00
0 536.00
0 536.00
0 535.00
0 536.00
0 536.00
1 536.00
1 526.00
1 526.00
1 526.00
1 526.00
1 525.00
1 526.00
1 525.00
1 525.00
1 525.00
0 525.00
0 535.00
0 535.00
0 536.00
0 535.00
0 536.00
0 536.00
0 536.00
0 536.00
0 536.00
1 536.00
1 527.00
1 526.00
1 526.00
1 526.00
1 525.00
1 526.00
1 525.00
1 525.00
1 525.00
0 524.00
0 534.00
0 534.00
0 535.00
0 535.00
0 535.00
0 536.00
0 535.00
0 535.00
0 535.00
1 536.00
1 526.00
1 526.00
1 525.00
1 525.00
1 525.00
1 525.00
1 524.00
1 525.00
1 525.00
0 525.00
0 534.00
0 534.00
0 534.00
0 535.00
0 535.00
0 535.00
0 535.00
0 535.00
0 535.00
1 535.00
1 525.00
1 525.00
1 525.00
1 525.00
1 524.00
1 524.00
1 524.00
1 524.00
1 524.00
0 524.00
0 534.00
0 534.00
0 534.00
0 534.00
0 535.00
0 535.00
0 535.00
0 535.00
0 535.00
1 535.00
1 525.00
1 525.00
1 525.00
1 525.00
1 524.00
1 524.00
1 524.00
1 524.00
1 523.00
0 524.00
0 534.00
0 534.00
0 534.00
0 534.00
0 534.00
0 534.00
0 534.00
0 535.00
0 534.00
1 535.00
1 525.00
1 524.00
1 524.00
1 524.00
1 524.00
1 523.00
1 524.00
1 523.00
1 524.00
0 524.00
0 533.00
0 533.00
0 534.00
0 534.00
0 534.00
0 534.00
0 534.00
0 534.00
0 534.00
1 534.00
1 525.00
1 524.00
1 524.00
1 523.00
1 524.00
1 524.00
1 523.00
1 524.00
1 523.00
0 522.00
0 533.00
0 533.00
0 533.00
0 533.00
0 533.00
0 533.00
0 534.00
0 534.00
0 534.00
1 534.00
1 523.00
1 523.00
1 524.00
1 523.00
1 523.00
1 523.00
1 523.00
1 522.00
1 522.00
0 522.00
0 532.00
0 532.00
0 533.00
0 533.00
0 533.00
0 533.00
0 533.00
0 533.00
0 533.00
1 533.00
1 523.00
1 523.00
1 523.00
1 523.00
1 523.00
1 522.00
1 522.00
1 522.00
1 522.00
0 521.00
0 532.00
0 532.00
0 533.00
0 533.00
0 533.00
0 533.00
0 533.00
0 533.00
0 533.00
1 533.00
1 523.00
1 523.00
1 523.00
1 522.00
1 522.00
1 522.00
1 522.00
1 522.00
1 522.00
0 522.00
0 531.00
0 532.00
0 532.00
0 532.00
0 532.00
0 533.00
0 533.00
0 533.00
0 533.00
1 533.00
1 523.00
1 522.00
1 522.00
1 522.00
1 522.00
1 521.00
1 521.00
1 522.00
1 522.00
0 521.00
0 532.00
0 532.00
0 532.00
0 532.00
0 532.00
0 532.00
0 533.00
0 533.00
0 533.00
1 533.00
1 523.00
1 522.00
1 522.00
1 522.00
1 522.00
1 522.00
1 521.00
1 522.00
1 521.00
0 521.00
0 532.00
0 532.00
0 532.00
0 531.00
0 532.00
0 532.00
0 533.00
0 533.00
0 532.00
1 532.00
1 522.00
1 522.00
1 521.00
1 521.00
1 521.00
1 522.00
1 521.00
1 521.00
1 521.00
0 521.00
0 531.00
0 531.00
0 532.00
0 532.00
0 532.00
0 531.00
0 532.00
0 532.00
0 532.00
1 532.00
1 522.00
1 522.00
1 522.00
1 521.00
1 521.00
1 521.00
1 521.00
1 521.00
1 521.00
0 520.00
0 531.00
0 532.00
0 532.00
0 531.00
0 532.00
0 531.00
0 532.00
0 532.00
0 532.00
1 532.00
1 522.00
1 522.00
1 521.00
1 521.00
1 521.00
1 521.00
1 521.00
1 520.00
1 521.00
0 520.00
0 530.00
0 531.00
0 531.00
0 532.00
0 531.00
0 531.00
0 531.00
0 532.00
0 531.00
1 532.00
1 522.00
1 522.00
1 521.00
1 521.00
1 520.00
1 520.00
1 520.00
1 520.00
1 521.00
0 520.00
0 530.00
0 531.00
0 530.00
0 530.00
0 531.00
0 531.00
0 531.00
0 532.00
0 531.00
1 532.00
1 522.00
1 521.00
1 521.00
1 521.00
1 520.00
1 520.00
1 520.00
1 520.00
1 520.00
0 520.00
0 530.00
0 530.00
0 530.00
0 531.00
0 531.00
0 531.00
0 531.00
0 531.00
0 531.00
1 531.00
1 521.00
1 520.00
1 521.00
1 520.00
1 520.00
1 520.00
1 520.00
1 520.00
1 520.00
0 519.00
0 530.00
0 530.00
0 530.00
0 530.00
0 531.00
0 530.00
0 531.00
0 530.00
0 531.00
1 531.00
1 521.00
1 520.00
1 520.00
1 520.00
1 519.00
1 520.00
1 519.00
1 520.00
1 519.00
0 518.00
0 529.00
0 529.00
0 529.00
0 529.00
0 530.00
0 530.00
0 530.00
0 530.00
0 530.00
1 530.00
1 520.00
1 520.00
1 520.00
1 520.00
1 520.00
1 519.00
1 519.00
1 519.00
1 519.00
0 519.00
0 528.00
0 529.00
0 529.00
0 529.00
0 529.00
0 529.00
0 529.00
0 530.00
0 530.00
1 530.00
1 520.00
1 519.00
1 519.00
1 519.00
1 519.00
1 519.00
1 518.00
1 517.00
1 517.00
0 517.00
0 528.00
0 528.00
0 528.00
0 528.00
0 529.00
0 529.00
0 528.00
0 529.00
0 529.00
1 529.00
1 519.00
1 518.00
1 518.00
1 518.00
1 518.00
1 517.00
1 517.00
1 517.00
1 517.00
0 516.00
0 527.00
0 528.00
0 527.00
0 528.00
0 528.00
0 528.00
0 528.00
0 528.00
0 528.00
1 528.00
1 518.00
1 517.00
1 517.00
1 517.00
1 517.00
1 516.00
1 516.00
1 516.00
1 516.00
0 515.00
0 526.00
0 526.00
0 526.00
0 526.00
0 527.00
0 527.00
0 527.00
0 526.00
0 527.00
1 528.00
1 517.00
1 517.00
1 516.00
1 516.00
1 515.00
1 515.00
1 515.00
1 515.00
1 515.00
0 514.00
0 524.00
0 525.00
0 524.00
0 525.00
0 525.00
0 525.00
0 525.00
0 525.00
0 525.00
1 525.00
1 515.00
1 515.00
1 514.00
1 514.00
1 514.00
1 514.00
1 514.00
1 513.00
1 513.00
0 512.00
0 523.00
0 523.00
0 523.00
0 523.00
0 524.00
0 524.00
0 524.00
0 524.00
0 524.00
1 524.00
1 514.00
1 513.00
1 513.00
1 513.00
1 512.00
1 512.00
1 512.00
1 511.00
1 511.00
0 511.00
0 521.00
0 522.00
0 521.00
0 522.00
0 522.00
0 522.00
0 522.00
0 522.00
0 523.00
1 522.00
1 512.00
1 512.00
1 511.00
1 511.00
1 510.00
1 510.00
1 510.00
1 510.00
1 510.00
0 510.00
0 519.00
0 520.00
0 520.00
0 520.00
0 520.00
0 520.00
0 520.00
0 521.00
0 521.00
1 521.00
1 511.00
1 510.00
1 510.00
1 510.00
1 509.00
1 509.00
1 508.00
1 508.00
1 508.00
0 508.00
0 518.00
0 518.00
0 518.00
0 518.00
0 518.00
0 518.00
0 519.00
0 519.00
0 519.00
1 519.00
1 509.00
1 509.00
1 508.00
1 508.00
1 507.00
1 507.00
1 507.00
1 506.00
1 506.00
0 506.00
0 515.00
0 516.00
0 517.00
0 516.00
0 517.00
0 517.00
0 517.00
0 517.00
0 517.00
1 517.00
1 508.00
1 507.00
1 507.00
1 506.00
1 506.00
1 505.00
1 504.00
1 504.00
1 504.00
0 504.00
0 514.00
0 514.00
0 514.00
0 515.00
0 515.00
0 515.00
0 515.00
0 515.00
0 515.00
1 515.00
1 505.00
1 505.00
1 505.00
1 504.00
1 504.00
1 504.00
1 503.00
1 502.00
1 502.00
0 502.00
0 511.00
0 512.00
0 512.00
0 512.00
0 513.00
0 513.00
0 513.00
0 513.00
0 513.00
1 513.00
1 504.00
1 503.00
1 502.00
1 502.00
1 501.00
1 501.00
1 500.00
1 501.00
1 499.00
0 500.00
0 510.00
0 510.00
0 510.00
0 510.00
0 510.00
0 510.00
0 511.00
0 511.00
0 511.00
1 511.00
1 502.00
1 500.00
1 500.00
1 500.00
1 499.00
1 499.00
1 499.00
1 498.00
1 498.00
0 498.00
0 507.00
0 507.00
0 508.00
0 508.00
0 508.00
0 508.00
0 508.00
0 508.00
0 509.00
1 509.00
1 499.00
1 499.00
1 498.00
1 498.00
1 497.00
1 497.00
1 496.00
1 496.00
1 496.00
0 495.00
0 505.00
0 505.00
0 505.00
0 506.00
0 506.00
0 506.00
0 506.00
0 506.00
0 506.00
1 506.00
1 497.00
1 496.00
1 496.00
1 495.00
1 495.00
1 494.00
1 494.00
1 494.00
1 493.00
0 493.00
0 502.00
0 502.00
0 503.00
0 503.00
0 503.00
0 503.00
0 504.00
0 504.00
0 503.00
1 503.00
1 494.00
1 493.00
1 493.00
1 492.00
1 492.00
1 492.00
1 491.00
1 491.00
1 490.00
0 490.00
0 499.00
0 500.00
0 501.00
0 500.00
0 500.00
0 500.00
0 501.00
0 501.00
0 501.00
1 501.00
1 492.00
1 491.00
1 490.00
1 490.00
1 489.00
1 489.00
1 488.00
1 488.00
1 488.00
0 487.00
0 496.00
0 497.00
0 497.00
0 497.00
0 497.00
0 498.00
0 498.00
0 498.00
0 498.00
1 498.00
1 489.00
1 488.00
1 487.00
1 487.00
1 486.00
1 486.00
1 485.00
1 485.00
1 485.00
0 484.00
0 493.00
0 494.00
0 494.00
0 494.00
0 494.00
0 494.00
0 495.00
0 495.00
0 495.00
1 495.00
1 485.00
1 485.00
1 484.00
1 483.00
1 483.00
1 483.00
1 482.00
1 481.00
1 482.00
0 480.00
0 490.00
0 490.00
0 491.00
0 491.00
0 492.00
0 492.00
0 491.00
0 492.00
0 492.00
1 492.00
1 482.00
1 482.00
1 481.00
1 481.00
1 480.00
1 479.00
1 478.00
1 478.00
1 478.00
0 478.00
0 486.00
0 487.00
0 487.00
0 488.00
0 488.00
0 488.00
0 488.00
0 488.00
0 488.00
1 489.00
1 479.00
1 478.00
1 477.00
1 477.00
1 476.00
1 475.00
1 475.00
1 475.00
1 474.00
0 474.00
0 483.00
0 483.00
0 483.00
0 484.00
0 483.00
0 484.00
0 484.00
0 484.00
0 484.00
1 485.00
1 475.00
1 475.00
1 474.00
1 473.00
1 473.00
1 472.00
1 471.00
1 471.00
1 470.00
0 469.00
0 479.00
0 479.00
0 479.00
0 479.00
0 480.00
0 479.00
0 480.00
0 480.00
0 480.00
1 481.00
1 471.00
1 470.00
1 470.00
1 469.00
1 468.00
1 468.00
1 467.00
1 466.00
